-1360800433 1980345782 -618613635
-1506362764 483299868 2136122430
465464014 49201786 1935830004
-531638731 -1070578208 665058103
-525680338 -716689216 -1969660877
-1660122452 -765685464 1574639355
-797029574 -1162997790 127001302
142937906 1573900691 -908934874
-516029690 1549361745 1896781956
1197894226 2146505957 -1285336308
912967571 -2110049344 580723293
-1749116380 510885770 317464228
868515261 2078454714 1007373308
1541251938 206939084 651312755
-1228357807 -893563445 -1331915147
-2126230444 1724449598 -1831471441
-1929758956 -1264115351 2049921099
805752685 1802413207 -1578817582
-1339635587 784335887 -1946308689
167854911 -55745437 -1014777418
1380673939 -847319906 -71718850
-2063895635 673004900 388840243
693820450 -263013259 -699299418
1654412000 -1127109906 -807315501
772069879 2126049890 -179766924
741081832 -631469881 -90577423
899430960 526848107 1177697334
683321166 -1982484427 -1715478634
1542795061 175084786 -497082539
-2137417994 -1503333625 1341023038
-1141450769 -895691303 -736518732
178197792 1760308022 849800952
53622738 -2003201681 2146857172
1793349610 -1613412677 -607243717
1060836911 -408460003 -1442245754
-1669325298 -802935359 -920620462
815436947 160816135 1272498605
1180229613 1218371313 -1436708004
-823677989 -1570937488 330333897
1912759522 2081668649 569324987
955293677 1693230965 -1345867503
1235003467 139279516 1577887070
1361399715 2135418059 -444625002
371560317 -1648252765 -1090605254
245250909 1830596523 433832626
-1950460676 17265996 728918939
-956767687 1950078982 1669287136
511548962 2086581208 -1195678819
-992073135 1602634066 -1475688768
66661253 1123327835 -1156848015
2095587600 -1205921508 1867403996
-524371557 128517522 -317391970
2040336066 815385323 169237951
-1416054774 -870591574 -944237550
-1179801565 1509541279 1600558816
-1776987504 -1520790193 -307459218
-2117497414 -1751123519 -977554766
283634514 162901483 -1774089621
559263667 -589882227 -2025962622
-1244458712 2113744052 -1733896083
2067892807 44310874 -1964991612
-1960141968 -1188916935 -1905722066
1332112830 1643432339 1040342559
74946005 -655418365 1341019821
305305917 -1121092147 591353727
-558151127 1339108497 699908005
-1124332326 -560437637 -2078827286
-2026815398 -1199374851 1604298511
-1949642325 909120042 -1078696701
1925609989 780626829 192947548
1360599223 526017487 1622837955
-2043462224 1735250489 -1710247148
795118348 1887017933 -108351437
-281803787 -467926386 -1455088186
1043780556 -96891360 -1127688498
158735143 -185407433 375914146
-1288834185 -1102313278 1974929064
1763608768 -143723222 -75666445
1762292164 1053315151 -131903096
409390941 1528188609 1035185842
-77360628 1721117036 -178813804
1307213141 -41304312 2045999120
-1762741759 -1279602801 -1554989908
-1650688360 -1801956881 1733188665
-404779554 995557188 1856085916
-370459146 -1022152487 600242730
1628576725 -247633964 -1733927196
775273185 1796816169 955257474
1877456840 -907728289 1159567505
-66726864 -449800654 -1930607537
1326696458 -310845228 876973107
1784154803 -224849145 -50772725
957069791 1351436344 -833972279
390941345 2054079323 889386686
744686134 -310821262 828956321
193496808 1867494725 816317307
-1405976343 1483316739 -594817125
495086211 922339392 -896534006
974073711 -1560883862 2004505
1773463949 96739124 -1805671319
1450899978 1601571881 -1813558956
1314983337 1991082251 -1002784678
1309192575 -364545830 1564346168
965414516 -1670030130 1741546162
-1972433457 -600677052 -1225270498
-497877059 -541649372 969694617
1509277599 -872237665 -2047124314
958321449 73919922 -2643004
212722013 -975502215 1746762702
-1486768249 1345858604 -1980790440
-539730283 -1472123618 -2004558854
813161516 -1448091712 325903051
218606759 2080156177 494261036
1285738130 -1737551662 1360592402
-1614546234 -1720267338 -1780920848
-717152787 1945587978 879999373
1427864512 1760318508 -285405753
2100520379 -630137573 -2125416653
-1718548714 122147193 1362111839
1103888174 1203121150 -442742922
-1501521867 635272348 807611430
2099822426 -400021803 746253534
1343703542 -1834022408 293299310
-1466097542 921337648 -383457492
-1103976439 -424073988 534481615
759655378 633657962 -1608234805
-1253724701 1581396672 432199852
1519186838 -129661011 -837041732
-430241875 730209904 1797658167
2084021509 1840532985 588260559
2124257827 1473976198 1257279432
-1112070942 2031799365 2131052122
-959170088 -1848859367 -1541810494
1845032288 -1804984279 -1426248973
-1054096571 -61416772 447157899
-534273005 20062486 -938169381
-631973180 -1155339261 -840560463
955662502 918902895 -1240483270
-1368825488 -812299967 226493658
-2108589315 -900512894 314432160
-1649858835 -1387339744 1532268618
-1069714138 -305656597 -535449250
967174930 -635929675 -1073181112
1829251857 -1800367757 -1364277048
333196724 -467643202 2053335307
576949020 1081848089 1477441514
1792696406 767441776 -1668148624
295267494 -229023549 1629843704
-2103988317 -477831054 -1253902773
-402034116 259096249 -700523161
740087804 547827934 -1575499779
389904656 1341573903 -170655197
834918951 -329345359 1491146956
1974115178 -1025828111 -999621302
30914449 417455727 -2060914069
1667787798 1555608891 2144235587
-1597163141 -1108330969 -1758191164
-297352199 717158692 1046911074
1711918753 1649010603 1812957089
-857430040 -806218154 597984236
2022947136 1619075225 -1699185146
-1532600284 522269924 221365
1203617324 -559942084 1191394363
-750529936 -457060785 408306315
1711999185 1564412560 833780255
-1973970630 1297350487 674186631
-821696890 -1732533086 -1083693095
-512017869 -1710118559 377668019
1307768136 -69628636 -998476605
169086032 964476442 1646055122
-698982728 -646606385 -1507590220
-426062767 2059717774 1816535549
-185464691 1729886627 102046335
-1840649978 1214298756 -1312015997
-492112464 -1831745161 1845294733
-2014705529 -175327094 -1541929881
2040698893 1507181892 -1467558212
-730825444 961150352 2048541558
-1019658465 -323986601 1309349751
-1836302849 -576238041 -1196348645
-1795424207 -963809320 -1686623892
-1521617486 -283086880 1235530886
1983447863 1099132734 1669352172
-1147385963 -453453309 666190946
1856795186 -1377029728 60112164
2138870155 -125291675 1161289083
1148339876 -2046746013 -1238190945
-1957495762 1571128477 1253224650
1922275092 -1364226438 -120737338
-724770228 -171386773 1257982891
1950422439 -1764919420 47464013
1502035917 -263532045 1722562465
-1548272469 1720080057 -1318615727
972744022 209993442 -840568321
-293421079 -567953773 1484205353
2087143494 -653040145 -1340916988
-1316202280 -233029442 -67063416
1323090682 -1778082138 -1762663247
6043028 1751642730 85939917
-1066803267 1490922859 2141964337
1900940742 -833832060 -613102904
864313464 594440752 2142837053
1407554160 -1759040173 1868254795
1261999023 -799825361 -2103052424
402787112 -1767226030 -249895226
400759785 -2074486257 1056445187
2005184472 -788217790 1466958085
743267810 444455298 -185125650
-648090510 -608092350 415895362
-1494716713 -954766797 -1317481493
-742450878 -2109946849 98066428
-1236403892 -693804774 1695323987
-937328890 1657387463 999097253
-603497943 207281942 -1100651299
727736745 1201941284 1535188517
975156550 -291774455 -884390464
1931232497 1903676205 -865428044
-1852295030 -1645809578 607176901
1179807486 2002014734 -380233734
-1054046630 1047929106 252549101
-2136082477 -1728085848 -799693023
-1226067530 1390758211 1278016077
-544421372 -1318823190 2019760135
2020592467 -1083593620 -627534867
1454110838 1196711935 159977957
2110975156 -1664827089 -932833626
-1269950005 -1185188668 -481030797
476392793 -824805215 1741875750
1886597012 686757826 -826627416
530571674 -653514137 745351198
-993692887 -1998901110 1274300325
1169662559 926126744 1008119723
1615367567 1327043664 2060995741
498414026 -872479164 221458284
-1762368160 -247608612 1346550383
-1090272428 1571018075 1287940026
1352141303 131146856 -534564038
1685715388 1133975086 1396367660
-707057727 -775211240 1822402083
1890353386 2000470879 1519057623
-2028290608 -34694115 -825794961
-739000632 -981218763 270970287
-334201116 1507851593 -1274848431
-557419593 -836426241 -1686495724
-1534203978 403782986 797341161
-420109609 -1482736989 -1596941210
-532771002 -2083760725 -920837473
1663364408 -1245223146 -866620863
491871587 1560219717 1097992091
-1028316925 344401241 -1965057334
