1715621699 1022011181 -1981333158 474919579 1530144322
-829624003 -2024175031 29934039 -514060091 668133086
-1985414127 63076061 -1704905381 2008384913 125325693
-1002854910 -179837228 -1506224830 733270672 -1870352784
-292755687 -1698654448 -1356507356 1802736008 14892313
-1896981508 1179854477 -265769686 378121486 930271484
-1634689133 -1083900577 1410172543 -832814540 -388651674
-764593411 2017152047 1630817195 -1130842499 145521392
-1321716004 -213100093 -314595287 43060259 -129214601
-978084750 1150629453 352396085 -936500897 -1161770791
1559572525 -1158279452 423875379 -1962811226 590258606
1894948013 1619274760 1748493038 1403054330 153741666
1988304805 2079092910 -1948807080 -613459098 -1720011911
1062355284 665247509 843152428 -1479678764 -1129186357
652115804 -383491557 83769864 317361956 -1607553000
478046001 -2014557943 -403830152 -172370166 1317095336
-1619964807 305071420 -1303372150 322559607 -839816760
641200985 -296505467 -946700379 405052078 -1637899150
-1899075764 -524545412 1301591823 1772557792 1634863675
99502232 999453926 1286135790 -752074204 624559548
-979580266 -1076608031 2135736823 958664973 792078377
1228290513 1637113090 442809354 194117752 1290688276
-918174141 -977163820 1055928771 220681735 -1817826586
-409182113 290555050 111403985 -494803904 -664828627
605000821 -1825783893 -1365502112 627738048 -485745065
1199935387 1113838374 -1706563468 92785165 -1431079674
2060098733 2008398004 -1483650302 2060218982 -1815162755
-1569140827 -1039765013 217560167 -17701247 1872260410
783230423 -886117060 1427517851 -250370051 1732658536
3965226 -1784537454 2035120617 -1969178747 -943733899
31557884 144290502 -1425474549 1254912786 -2092900950
-15980042 27809024 -1187389413 2065459909 1154048610
752222031 -1262068799 -718931014 1073235273 1739095807
-689318058 636419819 1465086538 1100031755 -995435312
-575297021 462267440 -115592114 1310559549 1429403494
701521339 -818435432 -231267465 432177275 53412991
-2103631519 1315332762 1694664740 1899273073 1460159981
-1078367012 385493853 -1652608978 -1040946 1386440714
359240269 -1868843418 2092496985 1574903667 1212175874
-1178202913 -2037216813 -939925658 1079134606 329916497
78768805 -1861309175 868301059 1020933380 222307897
1835190149 856516987 -1972773667 522726221 1174759969
1848090291 536725087 -1749784437 1776606583 1983843399
-513747225 1097655461 -583491999 -1542181005 446567487
-728161360 -938826071 1310351678 675718040 -1316191648
-854374641 -2114140642 -1686065611 1168078114 -1281989647
-1127004967 -1247756308 775328385 -2059846470 1186503874
-1578745004 1533693598 -1980773775 1009715665 -2102097753
-1858411115 1814074661 2059126173 -1488663666 -605931646
-822912524 403078782 -256266196 -904444195 -600302943
383959804 -930537956 -616266768 -1736460894 1000393651
-1717673640 -2130838490 -470220653 1997204103 -696080386
-2139445743 -1227430646 -2086821666 2040581725 265586649
-1546635791 1768836066 -998564026 -229447023 -355463900
-597655899 1156542015 -2085568631 27132175 -1512671359
691356817 2141157918 -2121986684 -466920866 1329361264
1605602139 540868873 945986124 -1152708685 -1632534604
-1184845113 -1633476179 -170112731 -1069977673 440903274
559900855 -930950442 -221346153 -1001764378 -2066066616
2145437116 -1890940939 1528837663 -2120880224 1566008283
889884917 1368868120 1103037928 982778559 -1310949137
-1223609707 -1239832774 -43105314 1440594688 960484620
1259691374 1766307591 1950900344 873309088 -2049228082
-1908442708 -2084038278 52021100 -1991761106 529707801
1227685693 -1984574550 -550298884 -1045483992 -1121730516
311746244 -1985035550 896970105 -1408677608 1380149376
266855056 4335402 -1012521150 211943853 -652220295
1818857444 -465672560 916603018 -1498379652 380860
-1570905352 833993901 -1475053869 -569267026 396133367
465280906 -1221175440 465353029 915411873 237521663
-397414288 804553931 166895169 181524733 -1826989410
-288087233 1509187966 419348296 1081998272 -755873289
-1705904380 156272034 466149297 -734497002 1653592786
745020956 740408303 1577207182 849229612 2095218869
-319475920 -449628679 -227555679 94299434 -1247902990
-2138019965 -393329841 225186066 676016458 1564272241
1573018184 1316759697 620606121 1856099077 777645051
1512527307 -285721226 512802835 -1737209398 -1930830096
325409586 1912951530 1638061362 -1561077413 1395980388
-1704815185 1004432835 126426788 -248248848 1080106183
-695687244 1446614744 1983376357 -2006594598 -1549108732
722122173 2006485616 1215064996 -305281196 1852679062
-539367293 1279846765 490297791 1793947668 1203118285
1471882861 -1963785054 -299478314 -435814225 1573688789
1728283489 151378761 -1612766299 846401215 -393193474
-812905191 -2020963796 1372652945 956051528 -16989353
440939859 304295631 1533189330 804344900 -1644038573
1724455391 -935963553 617747039 -2097043198 -412061094
-462763343 -228433428 49864098 -531975936 -1469714532
-502119722 784036857 -1575484158 -2141267787 -968238458
1094729125 -682256742 1571960739 2059537997 358488803
103883289 548989129 590529744 1227177406 -1681610335
1356079094 1969670082 882459186 -1275498034 -1096548327
-1921799283 -212005350 -1781656310 890715291 -2068562105
-459961187 1986381474 -1835365202 704883640 -1410852732
1169538159 -424517665 -1070508258 -1681086932 -643538284
61915726 -454724574 -1917791119 1555530572 2112628391
1021311187 425416229 -279449118 491705971 618776635
1200403907 -1769010764 -1806322829 -1879940009 184937844
-1343003984 -671116027 -1659239012 626522664 1847177975
-1137909520 611320431 -1181956084 864955830 -1367645700
-590662876 -374297006 -1281039044 1297480018 -351938538
173256091 1687425642 494860612 -1609177490 2811956
-1508702932 1324671861 -1209840726 1346011763 1102549094
1255020468 -1333484275 613904379 1236446698 -228589649
-1343485107 -45305632 1793106977 528343572 -1125492656
-394356705 -1900215271 -593008652 718742538 -1235706047
-1393552978 -596239147 1795437494 366560267 -1026439416
1391837124 470893445 1253195583 -898735879 -1869471670
2087630226 -461160936 -258349541 1781120343 -802862097
1893165286 2131164147 -1538087939 -1417664195 -642364613
261727099 1651723751 -831605463 315474974 -1936043425
-316834846 2125258215 952540556 1974605750 561520736
1031080518 -226141350 1589081165 613516979 -520946257
-891955228 1799070570 -310057618 -1690378942 705989927
-1269985695 -1978785315 -2125919576 47498772 1318532944
1162865189 -1766317394 1699089333 -688903055 -1594524921
619919111 863071170 452163448 -396971908 1057750262
-1846358531 1859385050 933662095 410270440 -172416406
-442470837 -424365475 -198465980 -879942624 602765874
-1614173889 982259583 522226397 -777566665 1759698198
770768448 869179904 903181124 -1641358195 -401255867
1848986872 1880747763 -1442972333 -365942806 428720187
2032396293 1904877275 -1569347464 -2075497288 -726901804
993863344 -1113564519 1677103899 -1778445269 1884427695
-23212644 2102142098 2106679702 1384360549 250367299
610364922 -1575485585 -687184687 804911239 -2112850720
-1060151752 -58002363 -709381102 999794867 1766920553
-1317708783 1088811551 -1953897937 -1410139879 687835873
377515168 1007375215 2136179966 -389867371 1750173434
836553508 -257219376 801915412 -967104794 -1962474191
946448189 -284936001 811522751 953649615 -1498121331
1804718932 1353015575 210799926 -2096541719 1280523195
-1075480183 1043494125 330645171 403405030 -2115213845
211156984 1293625897 -1550636313 1789087621 -2048930925
1974679395 -1976663956 -321751181 24462817 52341190
-1839633959 -159396047 2040315818 1777478409 337443432
1882483598 703996330 -1139680631 1763791843 1748228088
-1312591468 -169661641 -1531578776 -1896598398 1165922080
-230009123 1101706563 1316736994 -2125472076 -178672899
680824048 -1937241720 -748538130 -2105454794 -1351431999
-1063843516 -1299828221 1412886968 -584715217 -28088168
-743416190 807822156 -347293352 733681821 1025004686
-1502759665 1005611553 1696589955 1501360231 -820891975
1910441820 607149456 1849608488 -784981744 1662735730
701395659 -1150229924 -1732860736 1159995969 1123282694
-43219570 -269345963 771100231 -619284327 -1482468301
1776842559 -340117073 -1555765757 -1074255083 2051545200
794748750 1444265491 -1610743563 -882351522 311310612
202896602 674829610 -751181604 -2135485349 2124233695
-530883398 -2004470234 792412607 -61884487 -721639122
30096124 -1792043548 -420780160 -1253607722 -753459826
-1236866024 1944460913 1577879857 -1244945341 -1952435544
1034725144 -432826189 -893736189 -609383125 -308764025
-1657628444 815160772 -805353782 1733678707 1033954481
-1210767443 930126021 -1451998325 -708056088 -667996335
-2040444169 -1495637098 -766419050 -351423557 -354009459
-263169512 -1569624843 232273915 2005473102 1539608712
-1457914601 1468185819 147937454 660848939 1295861212
-588285305 -1566194186 1551435211 787757426 741933345
-1305771702 -998515169 -47074346 -1958530019 -1670574750
2113848580 479247722 2129509280 970699665 -535121929
-216867253 -1084247007 -1970109297 -150369940 -459554115
-727121299 -880008886 -248787292 -300249972 825663461
-883295587 811923343 -851026420 -781422578 -848535143
-148253444 -1951562146 -2013624637 -1993981413 2031336408
-435642700 1576223652 1815369476 133496058 1400633290
552265202 807111953 208638427 -141200051 -1219534988
-1921929437 -1167959958 -782838627 -1875474019 -2020487985
-743269853 1099336542 1226987164 -1794170812 1326882063
-1592836465 239251332 1895619002 13325056 -1587362547
192783916 -351486793 -778869423 1231463799 1495645
1748401343 -634879823 -755501260 1123283206 -1477304986
-1968385763 1978212079 1494073378 1611157673 -48056893
-1378527857 501869487 330102557 722083953 1316243070
-1061254213 -1060083759 239807604 -1641659868 183903383
-563768018 1175648431 -568960345 -1780771893 1301501964
307549666 1999982142 -1550152537 432523924 714749752
1264302283 -751265679 -1162585735 -1037191639 950662070
-1775843223 518897712 -404457751 2087100814 -2050553134
-893444576 1995385680 -1092290036 -90003317 -1517000087
1819555496 1604934218 -1098745136 -925674965 -2078540130
2145252563 -602516031 -469239652 2017537956 1739719904
-281134855 890486570 -425504932 595801608 -1676063385
-192525424 -1068279298 239789662 -282299896 1108260535
514299148 370023943 -1150272446 -94625925 2093384467
-957282827 168221100 998465776 1688192583 -1861824070
-1628011058 1311356915 1545098129 983237099 1486922480
1322511191 -101278873 -1501788834 -1737475908 -162759446
988034075 2030510736 581786375 617864598 1428164315
-2060528099 -1018337878 -1664006207 -384043187 -1285099252
-158878196 -1460917180 264459247 -1203652496 -512833885
2142975707 -2142892168 517688 -1766425252 987275466
-2006588918 2094256761 -365069436 -699885168 1512569821
860636469 -390112052 1524975260 -290662541 -818021099
1660919316 1384844775 -283443293 -1744412878 -1299654447
549465223 1504006306 -2072474013 2080708102 -1906239735
195606120 77130959 -1941760750 -1726373069 -195819066
1480987156 -1554383198 -184430223 -71170641 183834820
-1812896344 -1830424458 276268417 -1199587822 -521209140
1423173254 408458872 1170852220 -1163230213 461727344
-1171750947 -1809490634 -1154666588 -1365010151 -563218104
-167955970 1307426995 481876905 -999765014 1003402688
2052868515 1904000970 1647407749 462299724 2068049021
-1340994845 -770891795 906520017 890689907 2120944097
-1049479741 -203723416 -481403084 33737498 -155326457
1282075885 -784194676 -1856919679 557485985 -1986603058
889279848 -1597745936 -132719926 1393356247 -317472879
1690779247 -18021982 639845904 2010024719 546392689
748679360 518868831 -772380370 -814104040 -540186394
-1889525590 -2049515672 183325049 -872350210 -1306073144
-1942276862 -2063793760 -453302426 -1966591956 -183787576
202586430 735152217 -330177367 721426582 -299887434
-1569738710 874223653 1562608897 1368473989 -1439948751
-1561584544 2100163242 282851266 -1240254225 2005196883
-456976852 213997055 -761721141 734964857 -1593072853
1373554756 -1870254810 566330713 -879987673 788534945
767110253 -2094146468 45388732 1444418874 493556520
1294479328 1872351940 -1796413368 -800395550 596995914
104288760 586878938 -1453735632 1156302221 1535823820
142040398 239282629 912857283 668113930 -265676417
-1796847239 369794640 -293995454 -673849450 -1043308497
-100914524 1112679591 -244140009 -249251855 1933377826
1356253516 1009092101 88146509 1552425047 -1092852828
216315223 763228847 1308911438 -28452491 2144243163
-2075504371 -474438653 1572318197 -969273411 1710083474
2071876006 611612807 -885092292 -982868688 -585959735
241518719 1480350762 -1148846431 997766622 -1904320008
847281537 1491282330 -1746707115 -689162046 1896356081
-1738280090 1355520684 -706962371 222788570 350238484
-1136300519 -975319957 -2056909079 -1964218962 -537537081
-1439284023 -1319442757 1318285113 -1525697829 -1386775523
-1941377099 1836631209 1246618774 1707730021 -1340553351
2129661768 -2059390911 1877148201 1494672376 105833525
-2115549615 -1303629097 2138454870 1275462175 -640848493
-47591580 -1431628151 -1892903891 1210089514 508223941
1104971646 1869089319 -677780828 1672880589 654314423
289035658 -1842422310 1198298342 -504018162 -40154398
1625733398 668715533 -1225304031 -1677950318 -1857327253
1431719316 -1141481036 177920959 1346499121 -1587370690
411001526 939801059 1557842380 -83278881 -1574701145
-298917674 735690888 -99879525 -197343004 -143768617
-1613760697 1261982823 1714840990 3856136 -2127689761
100962881 1506734098 645399359 -960465220 -1665308214
1861731654 -1643475096 -790232148 -770023356 -120245391
-222709204 -1285351063 -998730217 199708520 814282760
811423061 -1562046480 -1296573105 -2086603871 215322036
798543638 297275487 -1817177227 1616039158 -1644174144
2076405083 2142575850 -1572304252 1384843604 -979119266
-1409581992 2110899440 1914030217 2142598986 2089326083
