684
670
688
647
664
670
655
689
708
662
679
660
663
639
654
695
705
693
650
650
701
657
715
659
626
668
654
676
675
647
726
700
661
678
705
713
685
715
665
680
655
678
651
658
669
692
649
670
699
675
694
650
671
670
655
704
693
653
654
698
658
738
715
695
652
721
722
681
648
622
665
657
680
644
698
710
668
655
676
652
680
671
685
686
682
713
659
669
668
660
710
671
692
686
686
642
643
692
692
655
677
682
649
673
672
701
728
645
667
660
689
688
634
643
679
691
616
679
675
678
720
691
639
681
705
631
663
641
683
668
671
655
674
690
680
680
704
664
707
676
701
663
648
674
648
672
680
686
636
680
655
684
679
669
664
719
673
671
672
602
658
664
673
672
670
643
673
667
674
697
657
715
719
631
702
670
653
662
654
691
665
642
665
648
713
699
681
638
674
652
700
699
676
614
679
677
682
677
685
648
691
662
658
699
670
689
677
708
650
669
676
663
679
675
656
705
716
632
667
670
649
659
658
665
659
694
649
682
657
676
652
658
661
645
700
704
662
650
689
658
684
648
640
686
702
699
687
694
691
661
