7068
6809
6800
7061
6834
6956
6695
6921
7032
6778
6842
6879
6748
6893
7142
6943
6921
6978
6540
6789
6834
6759
6772
6702
6779
6796
6914
6804
6761
7012
6797
6944
6684
6720
6924
6777
6673
6894
6879
6911
6807
6708
6966
6898
6725
6579
6931
6713
6899
6898
6586
6903
6917
6832
6605
6924
6773
6720
6743
6929
6987
6939
6948
6829
6964
6785
6887
6825
6901
6921
6912
6678
6953
6982
6902
7058
6792
7014
6936
6765
6738
7030
6897
6779
6718
6518
6805
6877
6781
6745
6884
6941
6916
6919
6897
7028
6572
6640
6766
6753
6692
6951
6866
6829
6982
7059
6869
6863
6918
7077
7039
6658
7057
6851
6736
6881
6824
6865
6818
6880
6847
6819
6711
6535
6683
6681
7029
6714
6894
6764
6935
7010
6885
6858
6751
6833
6911
6681
6972
6899
6796
6782
6815
6831
6732
6879
6939
6826
6716
6618
6564
6719
6928
6735
6905
6678
6953
6784
6788
7028
7027
6874
6643
6732
7015
6680
6776
7031
6879
6753
6677
6799
6814
6831
6543
6889
6882
6856
6869
6702
6928
6975
6895
6826
6839
6797
6938
6714
6762
6682
6726
6832
6729
6829
6925
6728
6785
6968
6794
6809
6739
6795
7129
6729
6941
6789
6866
7043
6909
6898
6733
6756
6789
6789
6677
6837
6933
6944
6756
6692
6928
7194
6484
6718
6880
6897
6657
7017
7048
6740
6629
6803
6702
6836
6770
6810
6785
6961
6752
6885
6675
6622
6964
6690
6603
6675
6667
6695
7026
6976
